from_city,to_city
Lucknow, Delhi